$ 1 5.0E-6 10.20027730826997 50 5.0 50
R 80 208 32 208 0 0 40.0 5.0 0.0 0.0 0.5
w 80 208 112 208 0
w 112 208 112 176 0
w 112 176 144 176 0
s 144 176 176 176 0 1 false
s 144 240 176 240 0 1 false
w 112 208 112 240 0
w 112 240 144 240 0
w 208 176 176 176 0
w 208 240 176 240 0
w 208 176 240 176 0
w 208 240 240 240 0
r 240 176 304 176 0 520.0
r 240 240 304 240 0 520.0
w 304 176 336 176 0
w 336 176 336 208 0
w 336 208 336 240 0
w 336 240 304 240 0
w 336 208 368 208 0
g 368 208 400 208 0
w 208 112 368 112 0
M 368 112 416 112 0 2.5
w 208 112 208 176 0
w 208 240 208 320 0
r 448 320 448 368 0 640.0
w 448 368 480 368 0
t 416 432 448 432 0 1 -4.9999999998865 4.949999999805921E-11 100.0
w 368 320 448 320 0
w 448 368 448 416 0
w 208 320 208 352 0
w 208 352 208 432 0
w 208 432 352 432 0
R 304 320 256 320 0 0 40.0 5.0 0.0 0.0 0.5
w 304 320 368 320 0
g 480 448 512 448 0
w 448 448 480 448 0
M 480 368 528 368 0 2.5
r 352 432 416 432 0 470.0
